var tempPositions = [
  //i
  [85, 50],
  [95, 50],
  [105, 50],
  [115, 50],
  [125, 50],
  [105, 40],
  [105, 30],
  [105, 20],
  [105, 10],
  [105, 0],
  [105, -10],
  [105, -20],
  [105, -30],
  [105, -40],
  [85, -50],
  [95, -50],
  [105, -50],
  [115, -50],
  [125, -50],
  //a
  [35, 50],
  [45, 40],
  [25, 40],
  [55, 30],
  [15, 30],
  [55, 20],
  [15, 20],
  [55, 10],
  [15, 10],
  [55, 0],
  [15, 0],
  [45, 0],
  [35, 0],
  [25, 0],
  [55, -10],
  [15, -10],
  [55, -20],
  [15, -20],
  [55, -30],
  [15, -30],
  [55, -40],
  [15, -40],
  [55, -50],
  [15, -50],
  //m
  [-45, 50],
  [-45, 40],
  [-45, 30],
  [-45, 20],
  [-45, 10],
  [-45, 0],
  [-45, -50],
  [-45, -40],
  [-45, -30],
  [-45, -20],
  [-45, -10],
  [-45, 50],
  [-5, 50],
  [-5, 40],
  [-5, 30],
  [-5, 20],
  [-5, 10],
  [-5, 0],
  [-5, -50],
  [-5, -40],
  [-5, -30],
  [-5, -20],
  [-5, -10],
  [-15, 40],
  [-35, 40],
  [-25, 0],
  [-25, 10],
  [-25, 20],
  [-25, 30],
  //s
  [-95, 50],
  [-85, 40],
  [-105, 40],
  [-75, 30],
  [-115, 30],
  [-75, 20],
  [-85, 10],
  [-95, 0],
  [-105, 0],
  [-115, -10],
  [-115, -20],
  [-115, -30],
  [-105, -40],
  [-95, -50],
  [-85, -40],
  [-75, -30],
  //0
  [-155, 50],
  [-145, 40],
  [-165, 40],
  [-135, 30],
  [-135, 20],
  [-135, 10],
  [-135, 0],
  [-135, -10],
  [-135, -20],
  [-135, -30],
  [-175, 30],
  [-175, 20],
  [-175, 10],
  [-175, 0],
  [-175, -10],
  [-175, -20],
  [-175, -30],
  [-145, -40],
  [-165, -40],
  [-155, -50],
  //m
  [-195, 50],
  [-195, 40],
  [-195, 30],
  [-195, 20],
  [-195, 10],
  [-195, 0],
  [-195, -50],
  [-195, -40],
  [-195, -30],
  [-195, -20],
  [-195, -10],
  [-195, 50],
  [-235, 50],
  [-235, 40],
  [-235, 30],
  [-235, 20],
  [-235, 10],
  [-235, 0],
  [-235, -50],
  [-235, -40],
  [-235, -30],
  [-235, -20],
  [-235, -10],
  [-225, 40],
  [-205, 40],
  [-215, 0],
  [-215, 10],
  [-215, 20],
  [-215, 30],
  //e
  //[-255, 50],
  [-265, 50],
  [-275, 50],
  [-285, 50],
  [-295, 50],
  [-255, 40],
  [-255, 30],
  [-255, 20],
  [-255, 10],
  [-255, 0],
  [-265, 0],
  [-275, 0],
  [-285, 0],
  //[-295, 0],
  //[-255, -50],
  [-265, -50],
  [-275, -50],
  [-285, -50],
  [-295, -50],
  [-255, -40],
  [-255, -30],
  [-255, -20],
  [-255, -10],
  [-235, 0],
  //t
  [-315, 50],
  [-325, 50],
  [-335, 50],
  [-345, 50],
  [-355, 50],
  [-335, 40],
  [-335, 30],
  [-335, 20],
  [-335, 10],
  [-335, 0],
  [-335, -10],
  [-335, -20],
  [-335, -30],
  [-335, -40],
  [-335, -50],
  //h
  [-375, 50],
  [-375, 40],
  [-375, 30],
  [-375, 20],
  [-375, 10],
  [-375, 0],
  [-375, -10],
  [-375, -20],
  [-375, -30],
  [-375, -40],
  [-375, -50],
  [-415, 50],
  [-415, 40],
  [-415, 30],
  [-415, 20],
  [-415, 10],
  [-415, 0],
  [-415, -10],
  [-415, -20],
  [-415, -30],
  [-415, -40],
  [-415, -50],
  [-385, 0],
  [-395, 0],
  [-405, 0],
  //i
  [-435, 50],
  [-445, 50],
  [-455, 50],
  [-465, 50],
  [-475, 50],
  [-455, 40],
  [-455, 30],
  [-455, 20],
  [-455, 10],
  [-455, 0],
  [-455, -10],
  [-455, -20],
  [-455, -30],
  [-455, -40],
  [-435, -50],
  [-445, -50],
  [-455, -50],
  [-465, -50],
  [-475, -50],
  //n
  [-495, 50],
  [-495, 40],
  [-495, 30],
  [-495, 20],
  [-495, 10],
  [-495, 0],
  [-495, -10],
  [-495, -20],
  [-495, -30],
  [-495, -40],
  [-495, -50],
  [-535, 50],
  [-535, 40],
  [-535, 30],
  [-535, 20],
  [-535, 10],
  [-535, 0],
  [-535, -10],
  [-535, -20],
  [-535, -30],
  [-535, -40],
  [-535, -50],
  [-505, 0],
  [-515, -10],
  [-525, -20],
  //0
  [-575, 50],
  [-565, 40],
  [-585, 40],
  [-555, 30],
  [-555, 20],
  [-555, 10],
  [-555, 0],
  [-585, 0],
  [-555, -10],
  [-555, -20],
  [-555, -30],
  [-565, -40],
  [-575, -50],
  [-595, -50],
  [-585, -40],
  [-595, -40],
  [-595, -30],
  [-595, -20],
  [-595, -10],
  [-595, 0],
  [-155, -50],
];